# source=amazon-massive-dataset-1.1 test split ko-KR/en-US
# seed=20260922 strata=scenario n=300
0
14
46
47
71
102
177
220
290
334
427
443
456
486
525
555
560
585
590
712
726
730
790
862
974
1007
1115
1144
1158
1336
1351
1710
1940
1962
2007
2113
2207
2237
2414
2711
2962
3008
3020
3037
3039
3128
3264
3298
3329
3361
3398
3568
3570
3598
3674
3717
3819
3883
3894
4178
4201
4224
4309
4334
4336
4347
4375
4412
4491
4587
4601
4620
4653
4667
4767
4798
4826
4831
4837
4848
4890
4896
4917
4934
5026
5050
5128
5149
5229
5250
5258
5328
5333
5339
5554
5635
5640
5671
5683
5721
5722
5732
5758
5812
6025
6064
6112
6181
6194
6289
6542
6561
6618
6683
6701
6785
6865
6892
6918
6973
6974
6994
7122
7194
7294
7380
7556
7660
7718
7891
7908
7956
7970
8035
8165
8366
8388
8394
8409
8413
8436
8453
8494
8666
8672
8731
8741
8782
8846
8914
8916
8925
8968
8975
9059
9088
9103
9291
9358
9362
9460
9601
9732
9746
9760
9767
9772
9844
9855
9881
9924
9942
9956
10097
10214
10216
10333
10339
10427
10462
10497
10503
10508
10523
10568
10936
10999
11107
11168
11172
11174
11177
11272
11335
11339
11340
11366
11368
11458
11470
11476
11598
11612
11825
11914
11920
11922
12104
12166
12213
12383
12536
12537
12582
12689
12716
12745
12759
12883
12908
13064
13067
13099
13150
13172
13206
13297
13340
13459
13460
13491
13494
13630
13685
13734
13853
13871
14023
14071
14118
14170
14356
14367
14370
14406
14418
14453
14473
14545
14549
14700
14792
14891
14912
14919
14926
14933
14967
15010
15039
15094
15137
15186
15200
15401
15511
15513
15553
15561
15626
15651
15672
15676
15756
15845
15890
15942
15950
15970
15994
16032
16048
16096
16158
16165
16168
16273
16297
16320
16373
16662
16758
16838
16899
17015
17019
17051
17069
17136
17142
